5899934474
2091691522
5338814259
6973963519
6601830141
6871539388
7659431242
8113650458
6789720598
7793087757
6307821393
8236132943
5141356607
8067239185
5853350662
5949543848
8513977325
6500257334
8542988128
2090908769
5455673322
7534111436
6779443384
7455164475
8389397706
7899755633
7863455717
7770935003
6356996888
7263020651
8549570790
8597526053
8575207431
6348158326
6460535505
5255103001
6957931337
7894203994
8379099023
1914947914
6432294928
7729053871
554825035
5592245314
7399871372
6003366355
7718861374
6472240179
6390945237
8317072951
8221419691
8120500555
7914613457
6436480996
6565322777
8417765960
8083551705
8573331827
5959553368
8341138275
5589955832
7655714468
7361355402
6302296663
8002139497
7902594574
6788327104
6789198296
5936984781
8039071689
6281226378
7931101383
5995374648
5371963273
6883720099
5127432491
6264764350
8030363381
8006105687
8119431286
